# camera_pose_1
pose: 
  position: 
    x: 0.785261162784
    y: 0.100295329394
    z: -0.0422338188207
  orientation: 
    x: -0.171711149326
    y: 0.709420460354
    z: 0.0797348193394
    w: 0.67888161723

[0.785261162784, 0.100295329394, -0.0422338188207], [-0.171711149326, 0.709420460354, 0.0797348193394, 0.67888161723]

# camera_pose_2
pose: 
  position: 
    x: 0.830120481857
    y: 0.21846754296
    z: -0.067404494014
  orientation: 
    x: -0.0242010932758
    y: 0.72999121074
    z: 0.0287397819573
    w: 0.682423009767

[0.830120481857, 0.21846754296, -0.067404494014], [-0.0242010932758, 0.72999121074, 0.0287397819573, 0.682423009767]

# camera_pose_3
pose: 
  position: 
    x: 0.804113134994
    y: 0.283772401894
    z: 0.00341792150348
  orientation: 
    x: -0.074454567414
    y: 0.787508783552
    z: -0.00902939681809
    w: 0.611722897407

[0.804113134994, 0.283772401894, 0.00341792150348], [-0.074454567414, 0.787508783552, -0.00902939681809, 0.611722897407]

# camera_pose_4
pose: 
  position: 
    x: 0.733510893977
    y: 0.379406611302
    z: -0.0338807017615
  orientation: 
    x: 0.221085874774
    y: 0.670487861849
    z: -0.200286352841
    w: 0.679302907364

[0.733510893977, 0.379406611302, -0.0338807017615], [0.221085874774, 0.670487861849, -0.200286352841, 0.679302907364]

# camera_pose_5
pose: 
  position: 
    x: 0.852484690015
    y: 0.335287599352
    z: -0.0805636665798
  orientation: 
    x: 0.0320873010964
    y: 0.70712954829
    z: -0.00807705008832
    w: 0.706309399842

[0.852484690015, 0.335287599352, -0.0805636665798], [0.0320873010964, 0.70712954829, -0.00807705008832, 0.706309399842]




[[0.785261162784, 0.100295329394, -0.0422338188207], [-0.171711149326, 0.709420460354, 0.0797348193394, 0.67888161723]]
[[0.830120481857, 0.21846754296, -0.067404494014], [-0.0242010932758, 0.72999121074, 0.0287397819573, 0.682423009767]]
[[0.804113134994, 0.283772401894, 0.00341792150348], [-0.074454567414, 0.787508783552, -0.00902939681809, 0.611722897407]]
[[0.733510893977, 0.379406611302, -0.0338807017615], [0.221085874774, 0.670487861849, -0.200286352841, 0.679302907364]]
[[0.852484690015, 0.335287599352, -0.0805636665798], [0.0320873010964, 0.70712954829, -0.00807705008832, 0.706309399842]]

[[[0.785261162784, 0.100295329394, -0.0422338188207], [-0.171711149326, 0.709420460354, 0.0797348193394, 0.67888161723]], [[0.830120481857, 0.21846754296, -0.067404494014], [-0.0242010932758, 0.72999121074, 0.0287397819573, 0.682423009767]], [[0.804113134994, 0.283772401894, 0.00341792150348], [-0.074454567414, 0.787508783552, -0.00902939681809, 0.611722897407]], [[0.733510893977, 0.379406611302, -0.0338807017615], [0.221085874774, 0.670487861849, -0.200286352841, 0.679302907364]], [[0.852484690015, 0.335287599352, -0.0805636665798], [0.0320873010964, 0.70712954829, -0.00807705008832, 0.706309399842]]]
[[[0.785261162784, 0.100295329394, -0.0422338188207], [-0.171711149326, 0.709420460354, 0.0797348193394, 0.67888161723]], [[0.804113134994, 0.283772401894, 0.00341792150348], [-0.074454567414, 0.787508783552, -0.00902939681809, 0.611722897407]], [[0.733510893977, 0.379406611302, -0.0338807017615], [0.221085874774, 0.670487861849, -0.200286352841, 0.679302907364]], [[0.852484690015, 0.335287599352, -0.0805636665798], [0.0320873010964, 0.70712954829, -0.00807705008832, 0.706309399842]]]